DS 60 Projects
734802652
734802909
734803169
734803434
734803691
734803918
734804173
734804456
734804760
734805036
734805305
734805701
734806252
734807640
734808003
734808186
734808956
734809853
734810843
734811542
734811971
734812104
734812461
734812611
734812750
734813113
734813490
734813882
734814084
734814458
734814852
734815273
734815736
734816142
734816539
734816865
734817308
734817627
734818039
734818429
734818817
734819062
734819486
734819844
734820110
734820389
734820584
734820689
734820967
734821163
743988618
743988803
743989022
743989153
743989279
743989442
743989550
743989667
743989800
743989892

verma
746086666
746086891
746087307
746088663
746091231
746092788
746093271
746094286
746095019
746095258
746095682
746096352
746096754
746097634
746098194
746098911
746099167
746099401